-1.288900716497654864e-01
-1.118762021719229699e-01
-9.992782238292352570e-02
-9.856206250847146522e-02
-9.774325549131610003e-02
-9.474453358371069667e-02
-9.328067424048991363e-02
-9.142075051443564193e-02
-9.124765254617686616e-02
-9.089518248963295022e-02
-8.979427015658325573e-02
-8.896064070135917268e-02
-8.759093924124587704e-02
-8.405837672947097383e-02
-8.256445553085604849e-02
-8.244771664851661963e-02
-8.119860278700509471e-02
-8.026988843073736002e-02
-7.950724029100943169e-02
-7.880498763767064541e-02
-7.880409799563731221e-02
-7.857845217318337738e-02
-7.830742707850160689e-02
-7.788397873365533741e-02
-7.777453546781569471e-02
-7.676556765574071850e-02
-7.634663112950768049e-02
-7.606208641822631566e-02
-7.542776434187481449e-02
-7.526402683280333794e-02
-7.263331772843577283e-02
-7.243612011140582174e-02
-7.173448186470736399e-02
-7.038986667812531517e-02
-6.973063133513533740e-02
-6.936630141619136436e-02
-6.890896294212310591e-02
-6.872525452915267952e-02
-6.847628428978849713e-02
-6.834012997805377632e-02
-6.824914289122711863e-02
-6.698380738007861379e-02
-6.664636713035280990e-02
-6.636929417954082200e-02
-6.536027371972820410e-02
-6.512777970494056101e-02
-6.468654565854844996e-02
-6.449579286907715370e-02
-6.431424597737521454e-02
-6.372343207581779301e-02
-6.320076550379991054e-02
-6.292100052804680543e-02
-6.245943911495195622e-02
-6.214789281168627694e-02
-6.184977852421405520e-02
-6.166780441956259268e-02
-6.166745097336331222e-02
-6.041501342019193338e-02
-5.965792432825593739e-02
-5.891242358959983272e-02
-5.826547398724010035e-02
-5.788867359374882948e-02
-5.780495197679708791e-02
-5.774036730817541652e-02
-5.772439492244065690e-02
-5.684094256691468033e-02
-5.619248943616982767e-02
-5.565218600196233240e-02
-5.563268519772252702e-02
-5.560191164231655797e-02
-5.558796811867641741e-02
-5.543742676965798116e-02
-5.519706725941633113e-02
-5.373389328843901358e-02
-5.373178531229800409e-02
-5.361030571278672940e-02
-5.359104254994645489e-02
-5.332517091595275621e-02
-5.284523333293311698e-02
-5.215112706558538980e-02
-5.178139764394407846e-02
-5.173426774874895218e-02
-5.084353092805440205e-02
-5.084235205877812858e-02
-5.027701226551499480e-02
-4.998871733371993559e-02
-4.992817714559966841e-02
-4.976262206156272655e-02
-4.949742204088095759e-02
-4.938338236744664600e-02
-4.925256012837262581e-02
-4.915198879335117010e-02
-4.901782802768338276e-02
-4.893434451194900864e-02
-4.888743558516105148e-02
-4.866208299046766161e-02
-4.813574652415781446e-02
-4.793377052133672434e-02
-4.778847306360712449e-02
-4.774010396152848779e-02
-4.741217147400611509e-02
-4.687591551438615584e-02
-4.639980505331327970e-02
-4.631561600097276049e-02
-4.612140321367774742e-02
-4.554215660073265143e-02
-4.529454553936076988e-02
-4.463197371844780659e-02
-4.449887351842066185e-02
-4.396211101816675793e-02
-4.379053626481707595e-02
-4.368300703180251487e-02
-4.315190700064774898e-02
-4.247750368962216472e-02
-4.239149519155942236e-02
-4.225649499561974498e-02
-4.198661950626628170e-02
-4.166916290630838515e-02
-4.148616615496237420e-02
-4.063916040359017573e-02
-4.039292015587992585e-02
-4.016294060729604792e-02
-3.982430596300578357e-02
-3.979932142564523295e-02
-3.877137271474758590e-02
-3.786406762331407522e-02
-3.781198155505691161e-02
-3.761498024208898006e-02
-3.692784458502792327e-02
-3.653266315769911760e-02
-3.647419665926499716e-02
-3.635545354073179553e-02
-3.622285054756439748e-02
-3.606119504214827520e-02
-3.569960360525845783e-02
-3.568301258866803105e-02
-3.535020725286788096e-02
-3.463565577207857599e-02
-3.458278063269213526e-02
-3.443986343402836298e-02
-3.419551825998400768e-02
-3.402458443345893202e-02
-3.396198501858271185e-02
-3.392002402960647006e-02
-3.387762218301634820e-02
-3.379113930582842290e-02
-3.371097756090814246e-02
-3.342364744773249768e-02
-3.340214150026436790e-02
-3.329802542129875476e-02
-3.328144041570182954e-02
-3.297601205290984910e-02
-3.297375673309423799e-02
-3.266334311911635313e-02
-3.216849104479328064e-02
-3.203430227361538790e-02
-3.199614613700034471e-02
-3.173295245127468606e-02
-3.164443720618604489e-02
-3.150044213189640702e-02
-3.147978192726852420e-02
-3.132567935512848428e-02
-3.116705541312011010e-02
-3.110491312608878317e-02
-3.087691786801320670e-02
-3.055636761896331210e-02
-3.052164396729447129e-02
-3.030134287344563720e-02
-2.995822926495854757e-02
-2.990355584677818757e-02
-2.987061351998408776e-02
-2.979968511107101634e-02
-2.917216632135100074e-02
-2.913334170810983476e-02
-2.889759406762190327e-02
-2.835422588342406333e-02
-2.787710646486140503e-02
-2.767263156051092549e-02
-2.740841369341226463e-02
-2.694743081255646447e-02
-2.662333489191147026e-02
-2.662020397278925740e-02
-2.625606365011841359e-02
-2.545399758838861465e-02
-2.540577605532893038e-02
-2.460452835579768696e-02
-2.451612625159245440e-02
-2.416820612223257586e-02
-2.408037037879133535e-02
-2.381524900581200033e-02
-2.381054009688583079e-02
-2.380823356246348707e-02
-2.352263324181827139e-02
-2.316536915883080083e-02
-2.258804088913855465e-02
-2.233665254922388363e-02
-2.231637005380250269e-02
-2.191470547154810572e-02
-2.180385952579638742e-02
-2.176420328015844091e-02
-2.161901847911421384e-02
-2.159109258712669024e-02
-2.152554760215455443e-02
-2.141698865217196712e-02
-2.034812692783321414e-02
-2.007965665336667802e-02
-1.986886401816042452e-02
-1.985630888656679874e-02
-1.955493902502454182e-02
-1.915534738682347221e-02
-1.910590723040530778e-02
-1.904980331448209718e-02
-1.892640206903124095e-02
-1.866376697421792685e-02
-1.843581907418127136e-02
-1.822186135808135515e-02
-1.790130494041363915e-02
-1.783221889632130575e-02
-1.721972657594216666e-02
-1.718771761393855096e-02
-1.656240514538918907e-02
-1.617951447234413156e-02
-1.616889959420853007e-02
-1.596664705744319998e-02
-1.548567039506050166e-02
-1.526972662199576475e-02
-1.492725612337296448e-02
-1.481966462556941894e-02
-1.478483843875557681e-02
-1.461809467211868351e-02
-1.457261894914665956e-02
-1.447551664696547329e-02
-1.445212784891994166e-02
-1.437799366001476196e-02
-1.435204833186632181e-02
-1.413205384182036374e-02
-1.385231344531670690e-02
-1.384846083368055161e-02
-1.377635649624436159e-02
-1.357456884039750546e-02
-1.322442048315940026e-02
-1.316563242208283573e-02
-1.311727551325077290e-02
-1.300687309332534090e-02
-1.296687191487529492e-02
-1.269849486252357801e-02
-1.262627528078128468e-02
-1.233080721404313136e-02
-1.225581660915721870e-02
-1.220382475097922005e-02
-1.188397265991244373e-02
-1.186971077120150056e-02
-1.177229336320918286e-02
-1.158619595874567018e-02
-1.143274511363536784e-02
-1.132214849011427618e-02
-1.117648621605258838e-02
-1.068323699599606560e-02
-1.052711879731456357e-02
-1.043864304811300235e-02
-1.040469966510700409e-02
-1.026737680384809392e-02
-9.934564207122945426e-03
-9.930404733119103933e-03
-9.646673701237337001e-03
-9.538841608812041739e-03
-9.521275058642305472e-03
-9.376268438770245933e-03
-9.224332845712659643e-03
-9.205188532653835534e-03
-9.038821054083299306e-03
-8.824177929717291757e-03
-8.770251231749385049e-03
-8.686116320274285194e-03
-8.605404963995802112e-03
-8.409879998766536802e-03
-8.036556961155271947e-03
-7.867227595315563413e-03
-7.509413528094338597e-03
-7.440689540723920831e-03
-7.355082216698120151e-03
-7.295953959019410746e-03
-6.879265758154185992e-03
-6.604034806196409924e-03
-6.313043296027828072e-03
-6.165046337631494358e-03
-5.932685391509595618e-03
-5.771333628750587204e-03
-5.579275496957900905e-03
-5.097276616431441892e-03
-5.093403188575103269e-03
-4.791811308044838756e-03
-4.323094662774710530e-03
-4.303356031868930606e-03
-4.079414191906828926e-03
-3.348627553581313889e-03
-3.199970026083387951e-03
-3.187581874932547948e-03
-2.998828261388919014e-03
-2.874321499950036659e-03
-2.824889372153507362e-03
-2.392541464494571044e-03
-2.336621582431717102e-03
-2.059009062186477855e-03
-1.911613833774195460e-03
-1.602105193736028457e-03
-1.377851359792349158e-03
-1.319595585848904774e-03
-1.202432135616172178e-03
-1.145197579220604998e-03
-9.253166861984305717e-04
-7.330991391386288639e-04
-6.964480984603190102e-04
-4.133882280146887749e-04
-6.185260150769421566e-05
-3.833900340033543318e-05
2.408215690613735749e-04
7.682988929440232430e-04
8.200142348410482864e-04
1.248483183768143599e-03
1.386859400845998373e-03
1.716128065655284302e-03
1.777094698954924433e-03
1.946078618547581384e-03
2.038297984937987185e-03
2.280671867237588774e-03
2.463529384582314671e-03
2.791685092827034601e-03
2.820589355755385302e-03
3.097687156231934517e-03
3.144524879540052872e-03
3.247582356483074556e-03
3.271216859220667239e-03
3.282116558813719543e-03
3.366695817430658162e-03
3.995080270077325767e-03
4.001403192029989730e-03
4.329641769726959646e-03
5.058891799997774011e-03
5.396278078480881528e-03
6.092634793010758172e-03
6.102832646194451989e-03
6.326631969503875713e-03
6.423242789148598045e-03
6.706231024179679090e-03
6.725967988734109573e-03
6.792308129426900994e-03
6.986575895854127936e-03
7.544953622167348099e-03
7.564129573299134025e-03
7.635167725584673937e-03
7.690445079494468913e-03
7.717419603062142426e-03
7.751650549848976800e-03
7.868291555763873638e-03
8.001773264692186791e-03
8.183952334482172408e-03
8.677959218457086468e-03
8.702039276397489920e-03
8.925400129392784682e-03
9.113729327825071877e-03
9.204362586852775363e-03
9.615162457310562696e-03
9.878194544880848638e-03
1.038776818958498001e-02
1.044296679430655600e-02
1.078586245551136150e-02
1.086984513180117712e-02
1.101672957398070613e-02
1.120416632905718753e-02
1.128028027054797135e-02
1.140314470697209072e-02
1.155307212885541349e-02
1.172939778959753744e-02
1.174340550675446147e-02
1.222595357161967815e-02
1.239756855819674694e-02
1.255422939794993351e-02
1.314651008787535644e-02
1.334676284418606119e-02
1.371943558732172802e-02
1.374872094011016579e-02
1.389237005614568470e-02
1.460073879897423425e-02
1.466506666621408828e-02
1.468692609214249621e-02
1.501820730182245982e-02
1.526256771235796894e-02
1.557615647125251170e-02
1.563618279145439702e-02
1.622518704888781596e-02
1.647247236427179864e-02
1.658641195827066997e-02
1.668753329517818837e-02
1.674893572854871393e-02
1.684170884672502033e-02
1.693929299535243405e-02
1.697285436549394663e-02
1.717279989072258151e-02
1.742679315896659281e-02
1.745016006365152778e-02
1.751048836728181374e-02
1.762865012899328052e-02
1.772461334127530680e-02
1.854553460750881302e-02
1.858500225802409839e-02
1.914715913463066119e-02
1.930480074482732872e-02
1.955424635613870615e-02
2.010079740441338136e-02
2.015744792135783225e-02
2.068890616246329972e-02
2.073113881748314333e-02
2.084772352353240696e-02
2.094154631010819098e-02
2.097557930616308908e-02
2.151604798511274827e-02
2.173999073397388931e-02
2.177376153390165811e-02
2.183599432083238243e-02
2.193120697230869706e-02
2.206389000725789487e-02
2.209914039437049435e-02
2.268617389244382415e-02
2.284082826420881854e-02
2.308296915207879926e-02
2.312174683374582443e-02
2.333973294820515867e-02
2.349827773083676755e-02
2.387026865048278920e-02
2.418999550968324933e-02
2.476404774420137844e-02
2.523142621186307000e-02
2.535321465710604211e-02
2.568280256013612955e-02
2.597296997937716470e-02
2.607233392740896175e-02
2.645098885456378945e-02
2.661044938795279619e-02
2.671429662113777165e-02
2.682223163351693529e-02
2.714289069314716057e-02
2.740764772936906193e-02
2.753111391196488150e-02
2.756482003256217200e-02
2.886032503690892995e-02
2.921167702786030274e-02
2.928294307807799771e-02
2.940261849719260495e-02
2.995145547931771235e-02
2.998880518483158786e-02
3.005809922265197803e-02
3.007780576432966119e-02
3.060717186732733394e-02
3.171951189522301262e-02
3.183048135133709211e-02
3.192975265438555837e-02
3.214373209097679679e-02
3.223489673102768183e-02
3.317067031207061173e-02
3.319073640649652240e-02
3.328919828109802581e-02
3.370700224865354200e-02
3.456666455025302759e-02
3.478124195539493424e-02
3.499078886830735841e-02
3.511586536067781011e-02
3.517912438347303022e-02
3.608105499819111439e-02
3.724833717967860475e-02
3.848189054312232266e-02
3.925965912960608512e-02
4.027809858328311454e-02
4.048444140772859690e-02
4.055849812943700117e-02
4.109680500180758894e-02
4.147845835148553095e-02
4.153595467925114831e-02
4.348449494515293362e-02
4.360508802329388783e-02
4.375029957144762477e-02
4.378152722767702371e-02
4.419249363114304691e-02
4.441079539456717351e-02
4.459298639102265982e-02
4.513928506076362451e-02
4.556702845328364920e-02
4.579981896500309735e-02
4.598512550794500719e-02
4.599597324578860030e-02
4.614717455997041640e-02
4.738631227723523465e-02
4.859513186929891732e-02
4.878263062302964914e-02
4.918476215035879479e-02
4.923605662149729834e-02
5.034341899055872621e-02
5.049460952772875239e-02
5.059188932139815909e-02
5.068314164781768938e-02
5.075257393132907857e-02
5.082193235235798329e-02
5.109257973571689621e-02
5.205726868702401089e-02
5.258991708844004687e-02
5.348353434668927375e-02
5.556788546487143043e-02
5.566309247529543230e-02
5.604024451395232809e-02
5.652939162169291071e-02
5.663212186454740643e-02
5.810527424006598635e-02
5.864239607645817254e-02
5.963256969328034618e-02
5.984273362266991775e-02
6.079088304528198344e-02
6.120411215819203388e-02
6.136686673900827727e-02
6.169849019206193053e-02
6.210452921904314333e-02
6.211624262988963557e-02
6.250217552768923268e-02
6.402214265054624598e-02
6.717943562471327679e-02
6.749754493503559716e-02
6.802409652836594045e-02
6.882785343377613441e-02
6.935343599122355263e-02
7.108112933953737722e-02
7.108218500406061902e-02
7.214895252005210091e-02
7.260862163147886739e-02
7.262945062129505525e-02
7.301612859350352369e-02
7.400974662494450018e-02
7.449198822711811108e-02
7.496594238559214918e-02
7.514216398816712938e-02
7.524695752872367915e-02
7.597013506624650248e-02
7.796213934005803703e-02
7.843794539116588638e-02
8.046615385997361869e-02
8.185962485962418322e-02
8.351814640057263206e-02
8.427209278243992518e-02
8.558861409951369625e-02
8.925681740532066810e-02
9.123896670213962889e-02
9.208780696783831765e-02
9.224629078082864642e-02
9.666235326599958988e-02
9.843355638495378257e-02
9.864750213808476387e-02
1.005132866936050834e-01
1.024582831136625072e-01
1.069254938006304889e-01
1.175826185300618693e-01
1.276780508821974969e-01
1.326168861438107305e-01
1.395679476430794763e-01
